Multiple size <= 100
TEST 1 ARG:88 61 46 10 32 91 45 77 36 27 15 56 84 94 21 52 70 40 67 97 49 54 96 7 83 64 69 82 44 3 9 8 1 2 24 34 86 95 68 4 0 6 59 22 12 48 18 31 72 25 71 50 16 43 35 13 81 53 29 99 73 30 42 93 14 89 28 41 20 63 90 58 60 19 65 11 78 74 87 85 62 17 55 39 57 37 92 51 23 5 38 80 47 79 33 66 75 76 98 26 
TEST 2 ARG:26 59 19 66 98 63 57 73 55 99 6 35 89 95 9 94 21 40 41 93 22 47 17 82 30 90 76 32 38 53 79 50 43 97 54 4 56 37 75 14 86 44 83 36 5 72 27 67 61 58 1 48 31 91 68 34 85 74 80 88 20 28 7 12 62 23 71 0 39 18 25 10 78 84 96 42 16 24 11 29 13 65 49 52 64 70 77 92 81 8 45 2 46 87 33 15 51 3 69 60 
TEST 3 ARG:10 61 64 23 85 72 53 68 57 47 78 27 25 90 4 43 51 62 14 95 93 87 55 30 33 65 37 73 24 12 22 17 97 91 71 15 67 52 66 99 70 19 58 60 40 2 36 74 31 86 3 34 6 88 7 75 11 69 8 56 92 63 44 29 79 48 28 41 0 46 21 45 18 9 98 84 94 82 83 59 38 49 32 26 16 1 39 35 80 77 81 42 54 5 50 96 13 20 89 76 
TEST 4 ARG:58 54 11 19 69 70 27 22 2 29 28 71 75 16 87 65 50 30 8 66 63 6 31 97 53 74 36 38 94 67 42 32 35 92 59 78 44 46 95 56 79 26 91 84 0 43 47 57 60 98 4 89 1 3 15 10 96 23 77 64 81 9 61 49 45 33 14 52 5 17 76 21 51 86 37 62 93 34 72 80 13 18 12 25 48 55 88 85 40 7 39 20 99 90 82 41 68 73 24 83 
TEST 5 ARG:34 11 96 95 51 91 5 6 74 97 86 70 47 21 39 4 19 49 27 78 99 64 15 85 8 10 89 12 67 41 50 65 28 20 63 22 71 30 37 56 26 80 32 29 83 75 84 58 68 23 72 16 1 55 79 54 66 13 44 46 53 2 60 61 17 0 93 35 48 73 77 88 90 3 9 31 43 94 87 69 24 45 33 36 57 25 82 62 98 59 38 81 52 76 14 92 18 40 7 42 
TEST 6 ARG:98 50 70 87 4 35 54 31 48 75 11 78 23 62 94 38 49 44 8 12 73 26 96 85 99 92 97 58 45 37 15 24 77 42 57 34 66 27 95 43 91 69 76 93 25 56 60 81 59 86 20 61 46 63 67 82 14 30 74 21 51 5 33 0 39 68 17 55 13 36 47 64 19 90 7 80 84 28 18 9 89 83 10 72 3 22 6 79 52 32 88 2 65 71 40 1 16 41 29 53 
TEST 7 ARG:44 1 96 58 39 10 91 80 74 34 4 23 21 62 78 8 56 13 53 28 0 25 68 63 93 45 54 77 18 79 60 76 48 11 49 30 36 9 37 72 57 41 40 85 75 42 94 31 14 97 55 6 84 50 35 98 7 86 89 29 19 24 22 59 66 69 16 38 82 92 87 61 81 12 67 99 88 95 17 70 73 5 2 46 43 64 65 51 33 47 90 83 26 32 3 15 52 71 20 27 
TEST 8 ARG:92 24 65 62 22 42 97 68 10 93 23 9 38 50 71 36 77 26 88 27 57 16 85 11 14 1 8 83 6 74 12 33 7 66 37 34 0 72 76 89 51 45 5 21 78 48 82 19 90 29 81 53 39 55 61 96 3 98 20 67 95 40 87 52 49 86 44 46 59 79 54 69 32 64 73 31 58 80 18 35 28 75 47 60 63 99 41 15 30 70 84 2 43 56 25 4 94 91 13 17 
TEST 9 ARG:52 60 49 46 93 65 24 71 95 40 14 34 26 32 7 43 87 57 25 55 86 75 5 2 77 56 69 21 18 27 22 3 96 67 73 48 97 88 50 82 81 15 91 8 47 62 38 79 61 85 70 35 9 29 20 72 54 89 23 16 4 74 83 28 6 66 0 84 59 64 68 92 51 19 41 58 10 80 99 90 78 36 42 1 44 11 37 12 94 13 76 63 30 39 33 53 45 31 17 98 
TEST 10 ARG:80 0 99 50 93 87 65 19 33 59 18 37 70 54 63 26 86 10 14 79 31 92 76 22 3 8 40 67 16 89 41 30 27 28 6 47 7 13 36 69 75 24 61 96 29 45 42 55 51 25 95 5 17 44 57 15 2 84 34 56 35 85 46 4 94 91 78 21 32 68 71 62 72 98 97 48 90 88 77 73 1 52 20 74 82 43 53 39 64 23 60 49 11 58 66 12 9 38 81 83 
TEST 11 ARG:98 27 53 49 0 2 38 42 70 73 69 97 20 65 90 26 13 50 5 76 83 94 36 19 29 28 66 4 21 67 48 89 18 8 96 92 10 88 43 55 22 33 35 39 3 74 91 57 60 82 80 99 84 71 59 32 79 78 23 24 75 44 93 47 9 6 95 68 31 58 12 62 52 34 54 40 15 7 41 77 63 1 37 14 61 87 81 45 46 16 30 86 17 51 72 85 64 56 25 11 
TEST 12 ARG:62 38 33 61 24 19 10 87 31 23 67 9 99 17 54 43 29 22 12 55 18 95 86 27 84 76 53 81 7 51 89 8 80 78 59 30 1 11 26 72 70 34 15 52 4 50 93 39 0 68 45 82 48 40 47 94 28 49 83 57 64 46 6 66 63 42 21 3 60 85 13 25 88 92 98 96 35 2 73 32 91 37 20 36 44 75 97 69 5 79 14 74 65 16 77 90 58 56 41 71 
TEST 13 ARG:92 14 37 9 65 1 0 43 75 97 3 53 98 86 52 93 99 69 49 68 4 8 22 96 13 32 15 39 38 95 33 90 16 7 84 60 20 76 10 45 31 57 50 42 64 24 51 35 87 62 66 27 71 11 72 12 47 34 83 21 80 46 70 81 63 77 91 54 79 5 55 29 82 85 40 94 41 56 88 73 28 48 17 30 6 67 2 25 89 36 44 19 61 26 23 18 78 59 74 58 
TEST 14 ARG:69 90 75 4 79 13 72 88 43 83 45 37 54 26 11 41 28 0 82 76 56 40 78 1 7 68 58 47 86 20 60 71 91 63 42 29 62 30 22 27 57 35 96 73 12 15 38 92 32 65 2 5 49 6 33 64 8 48 44 59 46 25 89 3 21 99 36 10 9 85 61 23 70 50 81 97 18 77 31 51 84 93 66 16 17 80 24 94 53 14 74 52 19 95 67 34 98 87 55 39 
TEST 15 ARG:57 78 89 87 32 31 98 47 63 42 85 41 6 23 24 21 9 49 2 58 90 92 72 97 59 99 15 70 39 52 76 74 75 93 22 81 54 10 71 45 50 36 0 51 88 11 77 5 91 53 12 84 86 13 79 55 56 37 94 40 26 27 82 14 4 3 29 43 35 48 65 30 64 17 67 80 61 8 7 28 68 73 83 60 96 38 44 18 20 95 33 16 66 1 25 34 69 19 46 62 
TEST 16 ARG:37 23 35 52 51 31 80 38 85 81 42 95 79 44 82 11 6 67 30 2 24 90 77 76 19 61 46 99 50 89 74 86 97 3 47 5 17 57 54 92 43 87 16 58 26 73 45 18 27 32 8 91 4 40 15 93 78 88 68 48 12 94 63 60 7 9 70 59 22 0 36 39 21 66 25 49 13 55 96 75 10 84 64 65 33 28 83 69 14 29 20 72 34 62 1 53 56 41 98 71 
TEST 17 ARG:23 5 59 35 65 48 33 96 22 75 63 17 64 72 9 84 58 93 51 50 57 25 36 37 32 19 30 41 40 38 53 79 14 28 0 44 94 4 90 7 43 77 66 73 97 81 12 21 46 31 68 45 13 70 80 29 67 85 62 47 78 99 11 60 91 55 16 86 42 6 10 87 39 20 24 76 61 34 89 71 3 18 98 82 49 88 26 1 8 83 95 92 15 27 52 2 54 74 69 56 
TEST 18 ARG:50 1 77 2 43 91 96 88 92 39 5 44 36 86 24 80 87 33 46 23 7 3 62 74 49 98 29 17 55 69 83 30 41 68 20 38 64 27 18 11 54 4 31 22 16 97 42 21 63 73 40 95 59 45 79 94 57 13 12 60 72 71 26 65 34 47 14 84 70 6 0 67 15 66 75 35 10 52 90 37 61 76 81 85 32 9 82 56 8 78 48 53 99 28 19 25 58 93 89 51 
TEST 19 ARG:69 62 44 86 72 47 37 23 54 11 22 13 59 89 38 20 79 3 45 12 95 1 43 94 56 92 76 53 5 18 48 36 15 41 63 9 71 31 90 75 52 21 19 17 10 97 91 83 16 85 35 49 46 73 8 93 29 98 64 80 39 33 84 50 24 42 77 14 26 68 25 74 70 66 0 60 2 6 78 34 7 88 27 30 99 32 81 67 57 51 40 65 55 4 61 82 87 28 58 96 
TEST 20 ARG:89 28 63 46 15 38 80 90 18 94 31 82 79 65 40 24 37 91 16 20 84 53 51 50 96 76 19 27 87 69 2 17 60 42 33 0 64 26 68 29 81 1 58 12 73 47 95 77 71 43 5 14 36 56 67 70 57 34 10 22 62 11 23 45 55 4 9 93 97 25 74 66 78 85 72 86 44 92 54 30 35 7 59 75 39 21 13 98 88 61 49 48 99 8 41 83 6 52 3 32 
TEST 21 ARG:48 65 70 50 92 57 89 66 12 81 68 30 82 60 84 2 95 58 97 17 40 47 0 64 4 59 53 35 3 42 62 46 44 56 23 8 49 75 93 11 14 19 73 29 83 77 76 43 37 22 1 28 39 41 87 94 61 13 80 10 51 36 98 31 16 45 18 96 20 21 52 9 88 72 86 90 78 54 85 15 38 33 99 32 91 27 6 25 79 34 7 71 74 67 26 69 24 55 5 63 
TEST 22 ARG:82 25 32 57 72 87 96 86 11 42 38 45 66 37 78 88 19 67 41 35 77 84 80 73 81 61 14 51 22 83 54 20 26 15 97 9 4 43 1 70 93 92 17 75 44 46 64 53 30 85 55 18 3 94 21 2 34 60 98 71 58 91 33 65 40 95 47 36 27 50 39 56 23 31 10 79 6 76 49 12 7 63 8 74 13 48 90 16 52 59 89 0 29 28 5 62 24 99 68 69 
TEST 23 ARG:36 23 60 64 68 10 92 4 12 49 91 78 2 93 30 29 80 5 63 38 32 95 75 22 57 88 48 70 45 62 21 73 0 83 94 72 13 86 43 28 7 8 16 1 55 46 50 58 11 90 56 47 96 27 69 19 41 97 33 42 84 6 15 74 54 37 65 71 66 76 24 81 44 87 14 3 59 34 31 53 82 77 99 89 79 20 61 51 40 52 67 25 39 17 9 35 85 26 18 98 
TEST 24 ARG:45 19 8 6 91 14 68 1 92 15 78 12 48 86 76 81 27 77 31 36 87 66 58 50 4 75 30 3 62 53 84 97 65 83 72 74 95 64 32 42 35 26 54 0 28 96 22 37 60 94 24 80 25 20 43 88 13 44 29 47 52 49 57 17 70 41 23 61 11 10 71 21 67 2 93 38 7 73 46 98 99 18 89 63 34 79 33 59 69 90 5 56 55 39 16 9 85 82 51 40 
TEST 25 ARG:52 95 53 17 31 92 74 18 93 72 65 90 83 14 10 54 86 45 81 5 22 77 11 68 16 30 56 94 8 24 25 1 58 57 91 38 32 98 79 33 60 34 44 46 71 0 4 3 82 62 43 55 28 64 97 9 67 41 23 66 37 42 48 70 88 61 59 2 40 47 78 85 63 39 12 27 13 80 49 35 84 29 50 51 15 75 26 21 73 19 99 7 89 6 36 87 20 69 76 96 
TEST 26 ARG:35 53 90 22 38 67 14 27 51 89 47 43 48 94 23 82 87 7 56 84 57 30 5 31 70 19 4 71 28 55 37 24 25 63 34 16 60 50 92 98 12 29 41 3 83 2 13 93 78 21 26 45 76 59 11 17 33 0 74 36 32 9 15 77 80 68 86 72 65 61 8 46 91 62 99 95 44 64 81 85 20 10 42 52 49 40 18 6 69 73 79 1 58 97 75 96 54 39 66 88 
TEST 27 ARG:68 41 12 37 70 11 88 69 91 98 0 72 78 79 16 61 65 95 77 17 58 24 90 4 47 89 14 3 87 85 21 9 46 52 60 80 64 97 86 73 83 59 48 15 93 2 84 26 74 25 67 56 28 42 51 99 10 31 45 23 71 82 20 63 96 92 94 40 30 29 44 22 34 75 6 54 49 19 13 76 43 55 39 62 66 32 18 53 33 50 36 81 57 1 38 7 27 35 8 5 
TEST 28 ARG:81 31 28 64 5 68 73 9 37 44 95 49 14 80 1 56 96 74 99 91 46 41 23 90 59 18 2 0 7 35 42 57 27 29 92 38 76 50 77 69 60 83 6 45 89 53 26 40 33 71 98 24 94 13 55 54 20 43 12 25 61 84 16 36 67 78 82 62 66 32 65 79 22 85 72 30 19 11 4 39 97 21 10 75 70 52 34 17 47 58 51 3 86 87 63 15 88 48 8 93 
TEST 29 ARG:30 44 22 66 63 23 58 98 90 77 84 26 5 72 47 78 9 48 88 8 52 54 80 94 42 55 99 32 19 71 64 31 92 2 59 10 87 0 51 38 76 53 91 40 16 70 41 82 89 29 14 36 83 75 18 37 61 67 73 46 4 62 33 20 11 15 28 25 96 95 56 57 17 6 45 12 60 97 85 93 13 81 21 86 74 79 50 65 24 3 27 35 39 1 43 49 7 34 68 69 
TEST 30 ARG:53 44 23 98 89 50 77 10 73 90 24 85 51 82 45 97 29 63 43 8 26 66 16 72 33 75 18 52 0 35 9 94 61 54 67 93 81 42 11 7 6 39 70 56 38 17 59 27 91 37 4 80 68 96 25 95 12 84 36 40 64 55 83 22 47 65 20 46 86 88 60 1 31 5 19 99 87 30 15 49 76 79 21 71 62 78 57 92 3 32 48 13 69 28 2 34 14 74 58 41 
TEST 31 ARG:48 79 40 28 19 26 82 86 36 21 88 68 58 72 60 78 55 5 62 33 38 75 76 69 9 73 13 41 84 54 80 45 1 3 96 10 49 98 77 7 11 15 30 65 20 83 23 32 4 43 52 81 97 99 95 12 46 63 34 29 6 42 39 57 66 94 56 64 92 31 70 61 14 85 17 27 53 0 24 18 51 44 74 91 89 59 67 35 71 22 37 90 93 87 25 50 47 16 2 8 
TEST 32 ARG:36 9 72 84 12 45 67 87 58 40 0 57 71 76 4 78 34 17 44 75 23 26 53 51 79 91 19 2 18 42 50 39 32 43 77 86 56 16 25 99 95 93 27 8 65 59 11 73 74 21 6 81 92 47 24 30 60 64 66 80 37 3 62 33 10 15 14 7 90 82 48 22 88 29 41 31 1 68 96 61 20 94 49 55 54 98 85 83 52 13 97 38 28 70 46 89 5 63 69 35 
TEST 33 ARG:50 44 28 75 20 62 61 65 35 24 30 98 68 83 63 97 31 54 0 22 52 4 55 67 73 15 76 29 39 86 53 79 10 12 5 71 91 70 78 13 7 38 82 9 69 90 21 37 89 25 16 1 56 81 49 3 23 59 60 92 14 85 58 77 32 17 11 41 6 84 42 33 40 18 34 47 87 46 88 72 36 48 57 27 64 95 43 26 94 99 2 8 66 51 74 19 45 93 80 96 
TEST 34 ARG:87 46 54 72 7 66 48 60 45 9 42 36 93 40 52 16 73 94 41 43 44 91 30 22 38 18 75 96 98 25 88 14 21 27 80 3 79 68 95 6 86 85 0 32 74 83 65 70 19 15 49 50 81 71 84 8 69 5 55 29 13 33 58 24 2 12 77 51 61 39 64 10 35 31 57 17 53 92 59 20 62 82 11 99 89 34 67 90 23 26 47 97 28 37 56 4 63 78 76 1 
TEST 35 ARG:10 60 7 19 29 32 42 82 9 41 87 75 57 17 58 34 6 53 70 55 36 92 26 81 91 18 24 16 61 99 37 79 31 52 40 98 20 69 39 22 12 68 45 3 73 8 50 27 94 2 62 85 64 72 49 77 1 28 38 43 51 74 48 59 97 14 47 90 23 35 11 83 88 25 96 33 66 0 5 21 93 46 13 15 56 78 80 44 30 54 76 84 65 95 4 89 67 71 63 86 
TEST 36 ARG:90 60 79 30 5 50 78 21 25 11 13 24 59 36 31 93 69 52 45 68 89 33 54 3 51 37 12 1 84 19 72 8 10 18 81 15 28 65 71 86 38 64 58 43 74 88 4 9 75 2 67 76 73 39 62 56 17 26 6 95 44 7 22 92 98 87 66 57 61 55 41 70 63 0 85 49 34 27 32 83 46 77 82 29 16 99 47 94 91 48 35 20 23 80 96 97 14 40 53 42 
TEST 37 ARG:85 6 38 55 46 44 49 29 74 40 36 1 30 4 9 23 65 72 97 71 94 0 99 70 2 24 84 12 28 45 34 15 73 75 78 76 90 83 91 62 13 11 19 27 82 59 10 57 81 79 14 64 63 48 93 66 8 37 50 86 54 56 51 3 17 89 21 42 18 60 80 32 92 87 77 67 31 69 61 58 20 43 68 25 16 88 41 52 39 98 35 26 96 7 47 33 53 22 95 5 
TEST 38 ARG:29 74 96 91 95 0 71 88 78 25 39 50 15 43 47 11 49 62 85 32 22 68 5 40 46 18 37 20 38 2 4 94 99 53 44 10 36 42 7 92 12 81 35 59 16 51 84 8 48 45 82 66 33 73 65 1 58 61 3 23 56 13 57 54 83 93 9 28 24 19 70 63 89 97 79 30 87 64 41 26 60 90 98 14 6 27 21 52 86 67 31 34 76 69 72 55 75 77 17 80 
TEST 39 ARG:32 84 4 67 30 96 45 60 8 93 25 7 52 71 87 34 85 58 55 75 92 68 24 12 9 51 54 29 91 16 99 14 1 20 56 21 61 5 26 74 23 57 44 98 28 31 18 83 46 73 36 38 94 89 33 0 64 81 78 76 43 70 66 86 11 41 27 88 63 49 69 72 37 10 95 77 22 82 2 35 59 13 39 19 42 65 50 40 47 53 80 17 6 3 48 97 62 15 79 90 
TEST 40 ARG:57 85 66 62 25 75 53 0 63 86 79 8 69 84 76 74 34 54 68 71 5 10 89 49 9 6 13 55 82 97 94 30 28 67 2 19 27 88 15 92 22 65 41 72 99 80 56 4 91 93 35 64 87 46 45 40 26 38 61 37 95 47 83 12 14 29 7 73 59 50 90 1 60 96 16 33 21 78 44 18 36 32 31 70 43 17 81 23 39 52 98 24 3 11 48 20 58 51 42 77 
TEST 41 ARG:43 32 61 71 51 79 94 95 22 87 58 28 41 63 8 7 38 35 26 53 25 52 69 78 44 74 57 83 75 92 36 85 4 6 88 29 46 89 98 48 33 21 24 19 17 50 96 49 0 67 54 66 30 37 76 60 18 70 82 56 90 20 55 39 13 99 40 73 11 80 77 93 12 45 42 91 72 84 23 10 27 81 9 2 47 5 1 15 14 3 62 31 65 16 64 86 34 97 68 59 
TEST 42 ARG:88 77 52 11 6 33 29 24 59 17 93 92 18 37 54 72 58 79 38 90 16 61 15 42 50 3 76 99 20 64 39 48 0 9 91 25 40 34 75 81 10 56 68 31 7 46 74 71 19 82 62 32 28 98 8 67 49 70 41 66 89 84 4 36 55 30 86 78 26 85 44 45 97 43 23 51 14 83 60 12 95 35 80 87 53 2 69 13 21 5 22 96 63 57 1 65 94 47 27 73 
TEST 43 ARG:8 64 81 29 45 2 50 97 36 56 86 94 85 59 35 42 7 74 47 51 80 18 73 9 69 1 40 4 72 83 52 48 71 46 77 41 33 91 57 19 15 43 44 98 89 61 90 88 27 53 68 12 96 55 37 21 92 0 49 79 30 63 3 87 75 17 66 11 5 13 38 23 99 24 60 76 6 20 82 65 58 14 10 25 62 32 28 22 95 54 70 16 93 84 67 26 34 78 39 31 
TEST 44 ARG:12 38 24 56 28 54 88 36 10 94 2 45 8 81 78 55 27 72 49 65 30 9 39 95 91 37 66 83 33 26 60 3 50 43 7 64 40 1 11 61 98 41 70 67 79 22 13 89 58 16 73 74 32 44 97 15 90 62 19 84 71 63 14 86 21 4 53 82 76 0 25 80 87 31 46 34 18 51 77 23 69 47 99 35 6 93 20 57 92 48 96 42 5 17 52 85 29 75 68 59 
TEST 45 ARG:88 69 77 16 24 80 92 34 48 55 61 98 59 13 41 15 46 0 63 36 68 91 43 2 72 67 42 38 45 51 74 86 87 10 8 54 71 53 83 14 85 93 3 65 95 5 49 7 89 76 56 4 58 20 25 97 12 57 44 99 21 11 60 39 50 52 33 66 82 81 84 70 31 29 1 6 35 64 40 75 96 90 26 23 9 78 19 27 37 28 94 32 17 18 47 22 73 79 30 62 
TEST 46 ARG:34 11 87 95 83 24 60 66 15 92 75 5 27 72 67 0 40 53 93 62 68 48 33 59 41 47 80 31 20 46 56 73 6 1 19 3 69 12 94 70 98 9 91 2 28 77 89 65 58 26 32 82 36 57 86 78 21 55 88 17 61 45 30 84 63 96 74 43 81 4 16 22 97 64 38 50 7 71 54 85 52 51 25 44 99 35 13 49 37 90 8 14 10 76 39 79 29 23 42 18 
TEST 47 ARG:56 42 47 24 28 32 21 86 29 73 45 33 14 46 8 16 99 49 66 10 63 57 96 3 18 84 55 39 64 27 91 68 36 48 51 80 31 53 79 65 23 69 0 87 62 76 7 85 78 92 1 88 35 74 93 50 81 72 59 52 19 34 41 38 98 40 71 95 75 61 89 70 83 13 15 77 97 90 5 58 9 25 44 82 37 20 17 26 43 12 2 6 4 54 67 60 22 11 94 30 
TEST 48 ARG:51 26 62 32 30 6 28 15 69 73 17 19 7 40 34 60 64 8 33 98 56 11 91 58 10 13 59 52 41 81 75 21 87 12 71 53 37 49 14 9 20 74 84 44 85 22 5 89 90 99 86 48 35 45 93 80 67 72 78 65 76 61 54 3 23 16 96 92 46 36 88 63 43 39 79 4 27 47 83 50 55 25 94 95 66 31 70 0 57 42 1 24 29 2 68 97 77 38 82 18 
TEST 49 ARG:4 54 66 34 46 8 25 57 82 50 74 71 3 10 48 51 92 73 58 93 5 29 18 19 80 88 0 9 49 79 23 45 59 24 86 78 70 17 30 87 61 90 69 15 76 36 20 43 62 44 67 28 60 26 77 99 42 83 33 16 41 85 38 63 12 21 56 31 94 6 75 27 98 22 91 7 14 47 89 39 13 32 72 64 84 97 40 95 81 55 2 11 53 96 52 35 1 37 65 68 
TEST 50 ARG:40 44 17 41 2 45 49 10 36 6 61 69 50 96 29 66 19 15 74 64 95 16 79 68 27 1 62 5 8 87 94 51 84 11 76 26 82 98 28 99 78 70 42 63 23 60 58 32 13 97 35 59 55 85 52 92 7 57 3 14 31 21 0 38 65 80 77 25 56 67 48 71 53 34 88 37 89 39 12 46 73 93 86 20 90 24 83 9 4 91 75 33 22 30 43 47 72 18 81 54 
TEST 51 ARG:41 37 65 92 46 71 99 5 3 19 17 64 93 94 26 49 85 33 84 29 45 91 73 81 21 40 1 0 2 30 97 86 53 42 69 90 43 39 70 77 18 66 10 27 44 78 47 25 8 61 58 16 68 95 89 4 60 15 51 9 98 35 96 7 80 57 82 88 55 12 36 32 75 74 13 50 87 54 63 38 28 62 31 20 59 67 14 24 48 22 23 72 6 34 76 56 83 79 52 11 
TEST 52 ARG:56 8 15 10 94 83 28 31 30 39 52 1 59 78 61 24 34 67 70 85 71 37 98 4 63 11 62 68 13 72 48 91 44 26 80 9 60 73 58 87 3 47 45 22 19 41 81 93 97 0 69 18 5 82 2 36 46 21 95 99 33 23 27 38 88 29 40 35 92 6 53 74 20 17 86 89 77 57 75 65 7 90 42 16 51 79 49 64 25 66 55 54 84 96 43 32 12 50 14 76 
TEST 53 ARG:78 17 54 90 44 0 56 82 7 60 53 20 76 50 2 99 55 95 43 47 62 14 74 79 8 29 84 92 77 24 26 69 65 96 94 41 33 21 39 51 98 9 4 32 93 61 45 97 38 49 72 37 35 5 58 3 27 46 83 75 67 57 15 86 34 25 81 52 6 48 19 66 88 87 89 13 64 40 70 22 28 18 30 1 73 91 36 85 80 12 23 11 16 10 68 31 71 59 42 63 
TEST 54 ARG:35 67 38 57 41 61 63 58 19 0 43 52 24 22 29 36 74 4 7 60 42 73 71 92 54 46 20 90 12 80 69 23 66 88 1 64 45 97 85 14 10 89 30 96 8 55 25 86 62 59 40 79 17 48 13 98 26 82 11 53 94 81 2 93 21 34 16 32 50 83 49 39 18 15 95 3 68 77 44 37 9 33 31 27 47 84 72 6 51 5 87 75 65 76 70 99 91 56 28 78 
TEST 55 ARG:58 56 5 0 21 84 42 82 44 76 51 6 64 39 98 91 3 74 69 38 24 28 61 93 27 63 60 79 86 25 73 72 53 18 83 75 15 19 34 77 88 89 9 66 94 80 99 67 92 2 8 52 4 31 59 90 26 45 12 87 30 57 95 10 47 71 62 78 46 43 11 54 29 36 14 70 13 48 81 35 49 20 22 33 16 96 23 17 1 65 85 37 50 7 97 41 40 32 68 55 
TEST 56 ARG:60 82 63 55 29 7 18 2 66 42 49 23 14 81 27 46 70 28 89 40 9 94 11 41 74 72 1 98 10 95 57 37 69 76 71 97 36 73 20 47 3 59 12 50 85 25 39 90 17 13 91 53 21 92 51 44 61 79 52 34 8 88 62 68 64 84 24 22 67 86 80 35 77 58 5 99 93 78 15 83 26 31 48 38 87 75 19 30 33 65 43 45 56 54 32 0 6 4 16 96 
TEST 57 ARG:59 8 9 50 61 74 63 13 56 48 15 83 51 98 27 76 86 54 69 42 89 24 2 91 81 96 46 97 0 3 45 80 39 25 58 23 90 73 88 55 95 65 67 93 77 40 18 14 64 10 5 62 72 84 70 11 78 1 66 41 49 38 7 92 37 52 79 85 47 35 94 28 30 87 99 57 29 71 75 22 12 32 20 17 4 16 31 26 53 68 82 34 60 21 19 36 43 33 44 6 
TEST 58 ARG:5 45 66 26 12 17 85 95 74 3 9 27 44 32 69 7 4 29 63 1 52 68 42 55 19 38 21 92 64 2 65 82 35 48 94 56 20 49 89 60 11 39 18 23 80 28 93 30 77 59 43 72 8 10 41 90 98 40 67 62 83 14 76 99 91 50 36 16 75 31 61 87 97 54 84 51 25 88 46 78 13 96 53 79 22 81 0 86 71 34 47 73 57 33 6 58 15 70 24 37 
TEST 59 ARG:74 5 87 45 37 22 36 21 66 7 62 55 83 85 82 39 86 94 95 44 50 58 46 0 63 53 42 24 78 89 10 47 68 38 29 93 97 27 4 81 96 84 34 71 52 35 67 65 30 43 32 80 1 41 90 17 76 28 59 14 20 18 9 49 75 6 79 3 13 33 73 2 60 56 51 99 88 15 77 72 26 12 91 31 69 57 8 16 92 61 70 98 25 23 11 64 40 54 19 48 
TEST 60 ARG:84 53 24 32 55 48 11 71 51 19 94 29 99 82 57 79 62 21 64 36 61 95 12 63 6 47 1 67 16 78 58 40 93 65 45 83 89 17 69 68 37 18 59 10 85 3 35 98 28 5 38 2 92 26 52 31 87 74 43 33 13 14 50 77 23 46 34 73 97 42 22 81 60 90 39 41 4 8 30 25 20 86 9 66 56 0 15 44 70 49 76 91 72 54 7 88 27 96 75 80 
TEST 61 ARG:71 80 8 91 72 6 87 85 93 73 69 94 81 66 67 53 95 83 14 41 22 39 50 23 0 18 30 47 82 84 51 17 37 9 38 4 35 55 61 58 68 27 13 78 26 48 34 29 64 11 76 70 32 96 3 12 31 10 99 56 21 89 60 42 15 28 54 86 1 63 7 59 62 75 24 79 25 98 49 43 40 57 92 74 88 44 36 33 19 90 65 20 45 77 52 97 2 5 46 16 
TEST 62 ARG:51 31 46 8 22 43 17 72 62 36 23 0 7 48 50 93 70 39 44 77 66 87 56 18 54 99 75 90 55 16 24 89 63 92 67 94 15 60 91 76 29 41 64 34 81 2 38 28 98 9 3 32 10 53 58 86 11 80 74 71 49 83 35 13 97 42 30 20 45 65 95 85 52 4 69 1 33 61 47 19 57 68 82 5 27 14 21 26 25 37 12 96 59 84 78 40 73 6 79 88 
TEST 63 ARG:37 30 57 71 80 29 9 50 28 5 1 8 40 34 11 63 94 78 81 39 6 88 55 14 74 90 75 17 4 67 66 19 46 20 47 91 49 95 18 60 48 3 93 0 27 96 89 45 38 99 70 61 65 69 54 44 33 21 77 31 15 62 97 76 26 32 24 56 53 64 2 43 92 86 58 36 25 7 42 83 82 22 98 73 85 87 59 16 84 35 79 23 41 13 51 10 68 72 52 12 
TEST 64 ARG:47 82 4 78 57 91 64 67 66 68 18 65 73 95 74 9 7 98 89 11 6 44 99 93 33 12 2 42 59 72 37 8 3 31 14 22 35 0 17 34 27 77 92 55 46 86 25 53 60 49 76 63 43 48 56 70 23 97 15 88 36 62 19 20 96 40 54 87 38 84 52 13 79 69 30 81 10 58 83 26 5 90 16 75 45 28 21 71 80 1 94 24 50 32 39 85 51 29 41 61 
TEST 65 ARG:36 79 92 26 58 61 24 78 44 7 97 76 54 50 46 85 93 98 64 72 45 87 99 30 8 94 77 81 52 5 71 18 89 15 22 2 41 69 80 49 11 43 63 3 47 73 91 75 31 60 84 74 12 83 37 16 70 62 21 35 38 10 9 4 1 68 86 65 34 23 32 90 28 96 53 42 95 27 29 55 6 66 51 59 39 88 48 0 82 20 33 17 57 13 40 19 14 67 56 25 
TEST 66 ARG:60 22 27 96 2 81 78 45 80 59 64 52 39 47 1 69 23 48 24 57 12 62 30 77 3 53 61 95 28 36 0 34 44 20 91 84 65 29 56 41 9 54 40 8 90 5 10 6 31 19 83 70 72 71 94 99 51 26 98 97 38 82 46 21 76 55 16 37 63 79 58 4 73 89 74 86 25 7 33 75 87 66 49 43 88 42 15 50 92 18 14 93 68 67 35 13 32 11 17 85 
TEST 67 ARG:69 24 52 62 84 57 54 82 46 38 77 8 72 55 73 27 68 21 65 1 85 7 45 39 47 23 34 30 31 48 90 14 66 22 99 28 56 41 51 32 12 5 18 11 94 83 87 98 64 40 17 29 50 26 70 92 76 37 80 93 86 19 53 97 61 15 43 71 60 91 20 16 42 10 75 78 96 25 6 59 44 67 89 9 63 58 88 36 3 4 33 81 2 74 0 13 95 35 49 79 
TEST 68 ARG:76 36 79 21 22 81 47 70 38 19 3 44 17 35 6 85 92 65 95 4 34 28 23 50 30 77 93 87 46 67 72 37 61 45 26 84 41 94 88 15 27 42 10 91 78 54 64 68 24 39 73 62 40 75 48 82 96 89 13 1 31 66 74 29 43 8 71 33 56 86 98 90 55 9 83 60 80 97 69 51 53 18 11 52 59 58 16 25 5 2 0 49 63 12 20 14 99 7 32 57 
TEST 69 ARG:54 99 52 22 9 48 81 49 57 25 80 65 45 60 53 72 32 83 86 51 27 8 79 39 31 97 96 13 68 93 44 11 46 94 41 43 10 37 4 74 89 12 2 18 59 17 78 16 20 36 40 73 67 92 0 84 1 61 21 62 95 23 3 38 34 7 90 56 47 82 58 5 26 29 69 66 70 55 19 64 33 63 77 85 76 91 30 6 28 88 98 42 15 87 50 35 71 14 24 75 
TEST 70 ARG:76 8 18 38 68 71 28 22 41 37 54 70 92 32 96 58 87 35 27 6 80 55 72 4 33 73 86 10 23 34 67 97 44 17 0 84 64 24 85 1 20 79 57 94 90 13 43 91 40 2 47 66 19 69 11 59 3 14 61 21 31 95 77 81 25 52 65 29 30 45 78 89 99 15 60 63 7 56 36 93 16 5 39 82 75 50 46 88 42 74 62 12 83 9 49 51 53 26 98 48 
TEST 71 ARG:18 27 33 22 26 80 64 78 36 84 72 43 69 32 62 50 53 76 59 67 7 29 30 68 90 85 3 60 45 81 57 74 46 21 54 71 61 5 55 39 96 94 48 73 38 86 40 28 17 89 6 47 83 42 35 88 52 79 49 70 10 37 41 93 9 51 63 13 8 16 4 44 95 31 19 65 0 91 97 23 66 1 11 99 82 20 77 87 14 98 92 34 12 58 56 25 2 15 75 24 
TEST 72 ARG:72 15 79 21 77 86 13 75 27 50 66 30 52 58 12 38 62 69 32 33 23 51 41 73 44 82 83 36 3 8 99 56 70 95 18 9 65 6 85 45 67 88 35 47 64 19 76 40 68 61 90 4 92 37 39 24 97 59 0 78 46 71 48 98 53 89 94 2 28 25 31 17 54 96 81 87 43 74 29 26 93 57 60 84 55 5 14 1 16 91 11 34 20 10 42 63 22 7 80 49 
TEST 73 ARG:55 84 58 47 17 90 37 41 81 75 96 29 3 67 49 27 8 23 70 36 15 98 30 42 48 4 13 85 91 76 82 86 0 83 62 69 54 20 99 80 33 45 89 79 39 78 60 22 7 93 74 2 57 50 44 31 19 10 53 35 14 46 12 40 34 95 25 65 59 66 28 26 56 97 1 64 72 11 18 88 77 87 61 38 21 63 6 24 92 5 16 94 52 9 43 71 68 51 73 32 
TEST 74 ARG:74 24 76 16 15 42 83 82 25 70 97 5 41 4 29 13 78 37 68 2 54 17 79 11 52 1 81 45 38 91 88 30 93 86 21 32 66 34 90 28 27 67 58 92 44 33 36 84 61 8 40 80 72 89 22 99 43 55 39 14 87 9 12 26 20 46 50 49 85 7 18 69 23 62 0 63 60 31 96 59 98 56 75 65 57 95 10 73 48 53 71 64 51 47 77 6 35 19 3 94 
TEST 75 ARG:19 74 33 0 83 91 57 20 12 42 62 3 59 46 86 80 54 36 90 64 8 14 39 35 11 98 88 6 72 47 30 84 71 76 21 60 70 96 89 45 63 50 40 81 9 38 68 44 25 61 49 73 52 2 16 58 85 82 75 29 17 69 67 10 15 37 97 87 95 27 1 26 92 5 99 56 78 24 94 53 55 32 65 31 18 7 66 22 79 51 41 34 13 4 28 48 43 77 93 23 
TEST 76 ARG:52 88 34 99 29 20 5 47 14 89 54 69 74 32 43 84 72 53 60 80 63 82 77 40 19 51 68 42 56 27 65 10 90 2 1 87 31 18 95 15 23 17 45 61 48 98 57 83 49 33 37 71 86 41 26 38 30 58 67 7 76 92 25 94 39 85 93 16 97 22 44 9 11 8 64 24 96 3 50 46 12 66 73 13 28 4 91 59 36 81 78 0 6 55 62 35 79 21 70 75 
TEST 77 ARG:58 83 39 90 81 77 30 60 23 19 65 76 66 47 53 73 9 70 78 25 15 45 34 52 16 69 72 59 13 10 50 46 17 42 7 14 85 51 97 93 33 54 67 56 5 11 94 87 6 75 57 0 37 2 84 63 28 71 31 36 98 68 12 62 79 41 80 4 91 99 43 32 92 27 3 44 29 55 49 40 64 82 61 86 74 35 88 22 20 8 38 18 96 95 89 1 21 24 26 48 
TEST 78 ARG:54 48 57 19 45 75 10 86 27 24 50 99 0 58 39 4 20 65 5 63 51 87 70 81 82 28 30 83 67 16 35 95 43 85 56 62 47 90 17 6 9 71 66 78 52 64 8 33 77 22 1 40 36 98 92 80 13 14 79 96 32 76 53 72 2 69 84 18 93 25 94 38 29 26 34 37 46 31 60 23 44 7 12 91 88 41 55 89 15 74 73 61 49 3 97 59 68 21 11 42 
TEST 79 ARG:30 92 93 73 58 94 26 64 87 61 76 96 7 4 22 84 83 3 63 13 39 89 12 38 99 80 97 60 52 27 62 86 14 44 69 45 8 9 32 59 50 35 53 41 75 19 68 85 21 25 81 65 43 54 82 90 0 95 15 66 31 42 36 46 34 71 24 20 40 67 47 55 2 11 98 5 70 6 78 77 56 29 51 91 16 23 88 28 10 33 17 1 57 18 74 37 72 48 79 49 
TEST 80 ARG:7 50 89 6 61 33 70 35 8 67 88 93 4 64 20 17 40 63 28 69 23 34 85 24 27 54 5 22 82 55 26 68 65 37 1 51 90 16 41 25 29 42 62 13 43 66 81 2 21 94 76 39 83 53 78 11 30 96 71 38 72 97 10 45 86 3 91 0 60 87 56 99 31 36 46 12 59 74 32 19 57 73 58 80 95 49 84 92 15 48 47 75 44 77 14 18 9 98 52 79 
TEST 81 ARG:41 83 9 27 60 39 49 97 63 32 8 7 26 30 25 80 71 3 96 1 51 17 55 37 19 23 18 42 84 10 68 82 0 12 46 77 85 72 75 69 92 76 47 62 78 52 53 59 33 34 58 5 4 15 61 28 31 13 44 56 57 70 6 22 14 67 73 48 11 66 90 45 65 16 99 38 40 50 95 24 2 79 87 91 36 81 54 89 21 88 35 20 43 64 94 93 98 74 86 29 
TEST 82 ARG:20 93 39 19 31 61 92 35 70 95 62 60 12 82 13 69 28 4 83 40 2 25 75 24 34 17 56 58 98 21 51 57 9 77 88 44 32 45 50 8 36 22 91 89 27 90 84 48 72 23 78 42 74 96 79 33 38 73 47 68 66 43 46 65 52 14 80 7 41 54 37 81 3 87 16 67 99 6 55 71 86 15 53 1 0 64 59 10 49 11 85 30 63 26 76 5 18 29 97 94 
TEST 83 ARG:37 11 69 9 5 38 98 55 20 25 79 32 49 53 33 67 21 84 31 34 19 86 73 82 91 36 71 93 42 48 8 35 90 41 12 94 47 88 77 40 58 75 30 61 3 97 22 60 59 81 63 87 72 66 56 26 29 74 62 70 28 4 24 50 16 7 92 1 0 95 89 2 96 15 51 23 13 57 68 64 45 54 43 99 76 14 78 44 6 80 18 27 10 17 65 85 39 46 52 83 
TEST 84 ARG:82 5 50 74 73 35 16 64 56 89 65 20 4 58 69 52 24 9 83 72 99 90 97 70 28 36 79 19 48 84 87 1 7 3 95 2 21 77 6 33 63 67 34 38 39 60 68 43 45 94 92 91 22 51 41 44 40 25 61 81 57 27 26 55 93 17 88 37 31 23 10 46 76 98 80 86 53 85 42 54 8 30 49 32 29 47 14 71 75 0 62 59 78 18 66 12 96 13 15 11 
TEST 85 ARG:62 37 6 38 57 42 3 64 55 20 7 89 60 91 92 40 2 76 93 10 97 24 81 26 98 9 49 25 52 88 22 13 69 45 35 87 23 46 61 73 1 48 78 77 84 56 96 95 58 4 80 33 29 41 31 75 34 47 12 83 85 68 94 82 50 74 11 72 14 27 16 43 53 63 66 17 71 70 30 65 79 44 18 39 19 0 86 99 90 28 8 5 36 51 15 32 54 21 67 59 
TEST 86 ARG:37 17 54 63 68 21 53 18 40 56 96 25 41 82 52 34 42 73 24 31 69 97 38 91 93 13 57 30 16 59 29 14 72 23 46 8 50 3 75 94 47 62 98 77 12 51 66 88 87 95 22 55 44 99 11 6 78 48 26 79 92 86 28 65 27 19 49 32 74 0 70 5 58 39 43 90 9 80 35 20 71 89 33 15 76 64 10 84 61 85 1 67 81 60 83 2 7 45 4 36 
TEST 87 ARG:34 48 15 10 59 33 39 17 25 4 21 69 23 71 81 87 84 76 5 88 6 97 91 30 57 3 44 85 26 96 65 75 22 9 79 46 31 68 63 8 14 70 35 20 50 58 83 80 32 66 49 36 92 89 56 82 54 29 42 40 72 41 74 11 95 38 13 78 51 61 47 64 12 7 67 99 93 52 90 37 18 73 55 24 60 77 1 2 16 19 53 62 45 0 86 94 43 27 98 28 
TEST 88 ARG:67 50 46 69 98 76 0 58 87 28 23 88 66 73 68 2 64 59 6 80 96 20 21 25 95 72 82 45 26 41 89 90 8 52 14 85 70 30 91 24 93 39 99 10 17 74 60 35 57 37 22 49 29 65 54 83 36 33 19 42 75 56 16 18 11 13 40 71 47 94 84 31 34 78 32 48 9 86 15 79 62 51 55 77 38 44 5 27 92 43 3 12 4 7 53 61 97 1 81 63 
TEST 89 ARG:44 63 90 0 43 35 7 69 8 61 93 46 95 25 83 60 1 75 36 53 40 87 12 31 89 80 97 85 27 66 76 79 82 91 65 45 99 15 51 3 26 77 96 28 86 54 81 39 13 98 2 94 68 58 21 74 48 70 59 88 47 52 4 41 14 57 56 67 78 32 16 37 22 6 38 29 71 73 10 42 84 19 17 92 11 55 64 24 72 20 23 30 34 9 62 33 50 5 18 49 
TEST 90 ARG:68 58 11 93 49 54 32 89 77 88 36 75 24 86 46 22 15 2 31 80 48 65 97 20 94 44 81 18 96 72 5 21 0 90 83 95 33 39 61 53 14 99 25 30 47 62 41 3 26 84 66 70 51 60 57 69 85 13 87 7 29 35 56 16 59 17 19 23 52 6 74 27 78 34 28 40 38 91 79 8 42 92 9 12 76 67 45 55 50 98 1 43 71 37 10 73 63 64 82 4 
TEST 91 ARG:58 17 19 41 23 72 35 11 59 52 95 70 22 62 2 49 86 67 3 53 76 94 82 5 36 84 30 75 39 96 7 0 66 9 33 38 34 28 98 92 68 91 43 63 1 61 40 64 77 71 14 79 24 51 37 29 12 56 90 89 6 13 21 15 85 27 87 93 54 26 83 10 42 78 73 88 45 57 48 18 16 46 47 25 50 74 99 55 32 97 80 65 81 31 4 69 20 44 60 8 
TEST 92 ARG:97 84 48 23 5 76 47 60 82 73 37 72 68 20 95 75 69 89 1 79 38 52 49 35 21 26 78 44 30 24 4 56 18 29 7 0 62 42 43 66 55 11 70 51 53 6 54 14 15 96 64 88 36 83 27 3 93 22 41 28 92 67 99 58 94 91 50 71 40 34 81 77 90 85 12 63 46 74 8 9 65 45 19 80 98 2 10 61 57 31 25 32 17 87 86 33 39 59 16 13 
TEST 93 ARG:2 62 48 27 92 3 86 83 89 33 68 26 16 0 45 8 21 91 31 7 35 95 17 13 20 18 4 73 90 1 80 99 96 77 63 60 34 5 46 81 52 38 70 58 61 30 64 59 75 12 29 97 23 74 50 78 11 36 40 65 32 15 72 84 67 56 66 98 88 19 69 87 51 71 28 6 9 14 22 76 57 93 79 85 82 49 37 42 43 47 44 39 24 94 25 54 55 41 53 10 
TEST 94 ARG:91 58 39 87 63 86 6 57 90 12 59 20 30 69 54 80 15 7 18 82 89 93 84 0 74 25 40 8 95 37 51 83 49 67 45 32 13 21 88 36 92 19 24 76 2 31 73 26 65 5 17 23 16 4 3 71 68 98 46 56 72 60 38 29 99 9 62 10 96 55 48 22 34 79 50 27 14 44 70 41 85 11 61 64 53 52 97 33 28 77 47 94 43 75 66 1 81 78 35 42 
TEST 95 ARG:82 57 8 50 77 86 22 78 55 46 41 0 15 65 18 32 70 10 4 37 76 99 79 51 73 53 63 34 74 91 64 72 43 68 87 83 14 44 85 80 28 3 30 2 42 56 93 71 58 90 40 48 19 75 98 67 20 61 33 38 52 24 81 29 23 84 47 89 11 31 27 45 26 1 62 66 39 49 96 16 35 59 25 13 94 88 6 12 17 36 54 9 69 97 60 5 92 21 7 95 
TEST 96 ARG:52 67 69 29 19 88 12 50 75 65 81 61 35 44 98 36 49 42 3 56 93 63 31 28 33 85 43 26 0 46 21 72 64 24 25 96 23 48 68 17 90 9 39 38 62 22 37 7 74 53 11 18 80 6 34 89 58 70 60 4 47 5 95 2 51 30 97 79 87 73 1 83 59 41 16 91 76 40 27 71 14 32 86 66 82 20 10 8 15 45 54 55 13 94 99 78 84 77 57 92 
TEST 97 ARG:28 8 99 47 12 85 51 42 44 93 66 81 48 61 15 41 7 97 63 88 39 46 4 86 98 58 31 29 91 10 78 52 38 11 20 83 84 68 9 67 36 2 74 19 1 37 3 50 32 79 60 89 94 26 18 70 14 22 65 69 77 87 54 45 16 92 80 21 64 76 95 25 73 57 33 0 35 90 30 5 24 55 6 96 71 43 13 62 49 53 40 72 17 56 27 23 75 34 59 82 
TEST 98 ARG:2 42 10 19 73 7 16 93 11 86 95 13 55 31 26 90 89 83 99 77 60 12 51 25 23 92 69 62 21 59 40 30 71 96 35 65 74 98 43 85 72 17 9 15 57 67 68 36 5 80 41 61 32 97 4 6 45 14 79 48 94 91 70 47 81 58 8 66 84 38 44 3 18 63 56 50 20 75 1 82 39 46 88 76 33 0 28 49 54 29 53 24 27 78 64 52 34 87 37 22 
TEST 99 ARG:35 11 51 60 84 34 66 32 94 75 37 20 92 7 31 28 68 40 50 27 29 85 73 54 80 14 25 16 5 67 79 48 71 86 17 70 15 88 64 21 53 2 90 12 87 81 39 62 46 36 23 95 78 65 91 49 10 58 52 18 41 4 44 76 57 69 59 93 24 72 43 22 97 13 30 83 8 96 63 47 19 77 26 55 56 1 98 6 74 99 33 42 9 61 89 0 38 3 45 82 
TEST 100 ARG:72 92 82 9 83 69 38 57 10 85 98 39 5 77 36 94 0 11 31 54 63 45 60 43 58 4 18 28 76 15 88 3 53 20 73 87 26 24 48 37 99 50 35 65 17 13 6 61 97 78 52 14 8 19 47 2 16 95 29 51 7 66 27 44 21 32 79 30 89 64 81 22 86 55 68 12 91 40 67 56 34 93 33 96 62 49 41 1 80 90 23 46 84 70 59 71 25 75 42 74 
TEST 101 ARG:21 93 89 92 33 98 58 91 15 18 7 22 52 73 37 9 83 43 26 44 47 19 40 48 2 99 12 94 61 17 23 29 64 8 45 62 16 28 97 88 65 79 70 82 85 77 3 81 38 49 67 96 14 69 66 71 50 6 59 46 75 74 56 86 5 32 51 90 84 53 20 42 95 54 41 39 57 72 27 24 78 87 13 60 10 55 36 0 25 4 76 63 34 11 68 1 30 35 31 80 
TEST 102 ARG:84 9 16 80 41 71 99 0 32 18 82 47 68 42 86 56 37 88 67 95 59 31 4 29 75 55 54 91 40 79 53 8 28 14 76 15 20 35 49 48 25 81 43 96 57 5 73 44 6 51 33 50 77 90 58 21 13 83 78 30 11 1 74 2 39 3 22 93 89 7 26 52 66 85 19 10 60 24 65 34 36 64 12 87 97 92 94 23 69 46 72 45 38 70 27 62 98 61 63 17 
TEST 103 ARG:79 15 94 38 74 93 32 81 1 96 13 5 37 44 34 59 58 12 95 17 39 31 11 41 18 86 51 7 9 4 89 22 47 64 26 60 45 83 19 73 48 68 14 90 85 97 24 76 84 27 36 30 54 8 61 87 55 40 75 50 98 43 82 63 62 80 16 6 70 10 21 46 23 28 92 67 42 71 20 99 2 78 88 72 69 66 65 53 3 29 35 49 56 25 52 33 91 77 57 0 
TEST 104 ARG:89 92 49 45 88 84 85 23 67 96 6 1 90 73 15 55 27 44 33 53 43 39 32 71 8 68 3 58 52 78 56 25 7 36 37 72 21 93 79 70 81 35 14 87 2 10 74 65 31 97 63 83 24 60 47 76 22 95 18 13 42 30 98 75 50 77 4 69 38 82 51 54 61 99 94 0 40 41 57 86 64 46 26 59 9 5 20 28 80 91 11 16 48 17 19 62 66 12 29 34 
TEST 105 ARG:15 46 98 0 64 90 14 47 23 28 89 55 37 70 67 88 33 40 78 87 41 8 44 51 49 83 54 32 74 26 91 96 53 16 6 42 86 31 76 81 13 92 84 30 99 50 56 65 52 95 11 2 58 73 63 35 72 18 3 25 77 20 79 97 5 94 19 4 29 80 66 12 75 1 39 45 34 36 22 85 17 61 71 93 21 68 27 57 24 62 7 59 43 60 48 38 9 10 82 69 
TEST 106 ARG:72 15 53 34 63 84 40 79 76 33 87 96 68 47 88 19 97 51 56 17 1 91 70 78 4 30 64 2 26 99 7 42 52 41 32 11 13 6 39 5 73 31 82 20 89 38 71 50 80 77 93 12 55 14 46 59 28 83 54 49 24 18 57 61 85 98 16 69 90 0 62 45 25 22 27 21 92 94 58 67 60 81 43 9 29 95 66 65 37 44 74 8 10 36 48 3 35 86 75 23 
TEST 107 ARG:66 41 17 75 8 56 54 42 33 77 1 26 0 51 16 4 64 37 69 43 2 98 22 96 36 45 47 39 44 40 60 14 23 29 19 28 48 24 53 52 7 38 11 68 65 74 5 90 30 57 81 88 83 87 63 73 62 49 6 91 80 78 70 85 25 50 10 27 89 99 15 95 13 9 94 34 35 18 67 92 31 3 79 82 59 72 12 55 58 93 21 61 76 97 71 32 20 86 84 46 
TEST 108 ARG:43 72 6 19 17 14 82 50 87 99 37 56 52 7 92 36 42 66 93 47 67 5 46 4 25 61 81 76 31 8 85 1 69 54 98 20 22 73 24 84 48 58 28 30 62 0 23 10 64 29 95 94 53 16 41 27 39 70 79 45 86 63 12 21 35 78 34 15 32 55 90 97 59 51 83 88 9 89 80 65 71 68 26 38 77 75 33 40 74 49 60 13 44 96 11 57 3 2 18 91 
TEST 109 ARG:26 94 10 37 12 92 62 72 13 93 25 3 44 14 23 48 90 69 7 46 60 95 33 89 32 4 16 35 53 98 24 34 80 28 6 88 50 64 84 41 81 55 57 66 63 67 19 76 45 91 58 36 79 42 2 47 56 61 83 17 52 40 87 1 31 96 49 21 75 78 15 59 20 18 74 68 51 9 5 30 82 0 71 39 99 73 65 54 70 97 77 27 86 29 43 85 22 38 8 11 
TEST 110 ARG:56 74 57 39 98 48 38 8 61 14 20 3 43 49 23 12 5 33 58 89 42 96 0 27 82 79 45 40 71 77 26 29 28 67 35 59 18 4 50 30 81 9 86 99 53 55 19 13 85 64 21 2 31 92 94 93 69 60 72 91 88 37 52 22 66 7 11 47 32 24 17 46 75 62 25 70 95 87 73 6 16 68 44 41 84 90 54 63 15 76 51 97 34 78 65 80 1 83 10 36 
TEST 111 ARG:84 95 39 31 56 1 7 65 64 40 4 99 77 87 73 58 36 28 10 68 90 14 38 22 47 74 55 52 34 16 69 0 89 82 70 6 98 13 85 20 80 26 44 61 12 78 66 60 24 48 75 97 71 41 94 72 50 15 33 88 76 81 83 62 43 59 29 27 42 30 46 37 86 67 25 51 21 96 3 57 8 53 49 93 17 9 18 2 91 23 5 11 32 45 35 63 92 19 79 54 
TEST 112 ARG:2 5 41 97 51 58 49 60 18 71 44 15 76 35 42 0 77 80 70 69 39 4 11 82 92 13 1 12 7 68 84 6 45 72 30 9 28 8 43 33 65 14 20 88 40 46 81 78 24 79 74 56 16 50 19 93 48 55 57 85 23 22 52 36 94 54 91 61 67 34 26 21 37 17 86 83 59 62 53 3 31 90 47 32 95 64 29 73 25 10 27 98 63 38 87 75 99 89 96 66 
TEST 113 ARG:61 58 44 5 77 62 87 94 68 8 6 80 76 2 41 84 10 26 79 29 21 15 35 50 63 71 93 28 91 33 16 27 92 4 70 0 23 49 42 1 99 57 60 17 14 54 39 98 12 78 9 75 25 46 3 96 89 32 69 20 18 74 97 88 22 72 86 36 65 53 95 81 64 13 34 90 19 30 24 45 47 43 56 40 67 73 31 38 83 59 51 7 82 37 85 55 66 11 52 48 
TEST 114 ARG:80 73 91 61 59 46 41 10 40 77 12 3 24 66 47 20 67 89 54 98 45 49 84 53 42 2 26 50 37 0 14 33 75 35 63 16 94 8 17 71 74 99 7 38 85 25 44 31 65 32 51 13 90 72 70 43 21 69 81 96 11 28 23 30 55 78 27 19 64 76 22 62 1 6 52 83 39 86 87 29 18 9 97 92 95 4 58 82 68 48 79 34 57 36 15 5 56 88 93 60 
TEST 115 ARG:23 94 39 50 77 20 53 46 58 67 11 28 47 72 75 97 96 64 73 87 14 26 31 29 88 80 51 54 44 92 70 30 99 59 10 79 89 5 35 76 78 24 91 85 93 19 33 69 45 21 40 34 4 1 48 32 62 9 7 8 84 95 0 13 60 63 38 61 65 12 25 15 17 98 16 82 66 18 74 52 22 2 37 42 3 86 81 57 36 6 55 49 71 56 90 43 27 83 41 68 
TEST 116 ARG:78 97 76 49 93 41 13 87 89 85 40 84 56 92 29 51 4 67 66 99 79 6 7 42 55 1 5 88 47 33 21 75 91 46 69 52 32 83 74 64 26 94 63 8 9 31 10 24 39 81 65 35 34 17 62 95 57 72 0 58 28 96 23 73 61 77 60 3 86 15 2 82 54 16 36 25 59 98 19 12 37 22 38 11 18 14 27 44 90 71 68 20 80 30 43 53 70 50 48 45 
TEST 117 ARG:58 36 40 17 12 4 11 9 84 57 55 77 74 14 49 22 81 37 30 20 52 92 32 59 10 65 98 31 45 86 16 62 24 29 61 89 94 2 33 46 35 43 7 38 96 78 25 21 72 95 23 18 5 44 83 63 26 41 82 3 8 27 0 87 6 39 60 73 99 91 48 85 68 64 76 19 79 75 88 67 54 47 15 50 71 90 1 42 51 56 93 34 97 28 53 69 80 70 66 13 
TEST 118 ARG:61 67 40 56 11 26 5 46 68 79 98 81 27 48 8 43 50 62 57 80 88 78 42 4 84 64 89 16 15 96 35 86 37 75 49 54 58 32 87 10 63 95 21 71 17 74 93 45 53 38 13 99 82 33 52 0 9 22 20 36 51 39 44 65 77 47 94 83 23 2 25 24 1 55 19 97 29 76 18 72 60 59 12 69 28 41 92 91 7 85 30 66 34 90 73 31 14 3 70 6 
